[1,["ce989LrTVADYa029RCT7Ui@9c0fd","e1b/4JuMdKQ6gNVcp3DPZS","15IqqGRS9BD4SVgsOfdfpZ@55b43","1brw/JvvpFnIvdrxpFCgMZ","40GCO8/uxPMoRIzec1OP+d@cd5f3","2d+34JQvRFmq1FA/Zx05nn@4bd4c","87FyhH3XFC2504zecnix1N@7a3ca","3e4ptNcIJLTqwxo+76o3gG@b1467","0e0AnKe5ZIlbPMt4w25EZr@b1467","82DhXrpPRG8YJJYHe+nSk4@eacc8","0e0AnKe5ZIlbPMt4w25EZr@73b7f","15IqqGRS9BD4SVgsOfdfpZ@73b7f","2d+34JQvRFmq1FA/Zx05nn@73b7f","3e4ptNcIJLTqwxo+76o3gG@7a3ca","3e4ptNcIJLTqwxo+76o3gG@73b7f","40GCO8/uxPMoRIzec1OP+d@73b7f","82DhXrpPRG8YJJYHe+nSk4@73b7f","87FyhH3XFC2504zecnix1N@73b7f","b4qeoGbmhPGpKqa5QNIE/U@73b7f","ce989LrTVADYa029RCT7Ui@73b7f","77rXg/dXVJM4UTesLke5O1","d665m76iVBGLuQBFqLlFc9","0e0AnKe5ZIlbPMt4w25EZr@bcca5","0e0AnKe5ZIlbPMt4w25EZr@438fe","0e0AnKe5ZIlbPMt4w25EZr@e39f7","15IqqGRS9BD4SVgsOfdfpZ@057cb","15IqqGRS9BD4SVgsOfdfpZ@30732","15IqqGRS9BD4SVgsOfdfpZ@b1467","15IqqGRS9BD4SVgsOfdfpZ@82371","15IqqGRS9BD4SVgsOfdfpZ@f1394","15IqqGRS9BD4SVgsOfdfpZ@3effa","15IqqGRS9BD4SVgsOfdfpZ@221a5","24pwTaKGdEbY0aXpIMdeCd@6c48a","2d+34JQvRFmq1FA/Zx05nn@3effa","2d+34JQvRFmq1FA/Zx05nn@221a5","2d+34JQvRFmq1FA/Zx05nn@057cb","2d+34JQvRFmq1FA/Zx05nn@30732","2d+34JQvRFmq1FA/Zx05nn@82371","2d+34JQvRFmq1FA/Zx05nn@f1394","3e4ptNcIJLTqwxo+76o3gG@38609","3e4ptNcIJLTqwxo+76o3gG@30732","3e4ptNcIJLTqwxo+76o3gG@07cbd","3e4ptNcIJLTqwxo+76o3gG@f1394","3e4ptNcIJLTqwxo+76o3gG@80a36","3e4ptNcIJLTqwxo+76o3gG@75ee4","3e4ptNcIJLTqwxo+76o3gG@d20e9","3e4ptNcIJLTqwxo+76o3gG@a562b","40GCO8/uxPMoRIzec1OP+d@70762","40GCO8/uxPMoRIzec1OP+d@01a55","40GCO8/uxPMoRIzec1OP+d@30732","40GCO8/uxPMoRIzec1OP+d@0d519","40GCO8/uxPMoRIzec1OP+d@f1394","40GCO8/uxPMoRIzec1OP+d@91dcf","40GCO8/uxPMoRIzec1OP+d@583b7","89hxThm0xP84VpdpGDXOrs@6c48a","82DhXrpPRG8YJJYHe+nSk4@bcca5","82DhXrpPRG8YJJYHe+nSk4@438fe","82DhXrpPRG8YJJYHe+nSk4@e39f7","87FyhH3XFC2504zecnix1N@d20e9","87FyhH3XFC2504zecnix1N@aeeaa","87FyhH3XFC2504zecnix1N@438fe","9f2QDdIhtPiY8s+6NCQ8g1@6c48a","b4qeoGbmhPGpKqa5QNIE/U@2d5a7","b4qeoGbmhPGpKqa5QNIE/U@b0b2c","b4qeoGbmhPGpKqa5QNIE/U@7f2c1","b4qeoGbmhPGpKqa5QNIE/U@438fe","cbzhfg7PxBC4QqkG11QRnZ@6c48a","ce989LrTVADYa029RCT7Ui@6b9e5","ce989LrTVADYa029RCT7Ui@46540","ce989LrTVADYa029RCT7Ui@438fe","c3KYj/6yxCHJ02N7o8KRTG@6c48a","6dkWU8bERGLr06PVASL+w+@6c48a","b4qeoGbmhPGpKqa5QNIE/U@35df0","40GCO8/uxPMoRIzec1OP+d@30b18","82DhXrpPRG8YJJYHe+nSk4@e1752","ce989LrTVADYa029RCT7Ui@d5a24","3e4ptNcIJLTqwxo+76o3gG@290d0","87FyhH3XFC2504zecnix1N@f387c","15IqqGRS9BD4SVgsOfdfpZ@31539","2d+34JQvRFmq1FA/Zx05nn@790df","0e0AnKe5ZIlbPMt4w25EZr@a3332","cbzhfg7PxBC4QqkG11QRnZ@f9941","9f2QDdIhtPiY8s+6NCQ8g1@f9941","24pwTaKGdEbY0aXpIMdeCd@f9941"],["_parent","value","targetInfo","node","root","_effectAsset","_mesh","_skeleton","mainTexture","data","_defaultClip","asset","_textureSource","_spriteFrame","normalMap","_cameraComponent","_barSprite","scene"],[["cc.Node",["_name","_layer","_id","_objFlags","__editorExtras__","_active","_parent","_prefab","_lpos","_children","_components","_lrot","_euler","_lscale"],-3,1,4,5,2,9,5,5,5],["cc.Node",["_name","_layer","_children","_prefab","_lpos","_lrot","_euler","_parent","_lscale","_components"],1,12,4,5,5,5,1,5,12],["cc.Node",["_name","_active","_parent","_children","_prefab","_lpos","_lrot","_euler","_components"],1,1,9,4,5,5,5,2],"cc.SpriteFrame",["cc.Sprite",["_sizeMode","_type","node","_spriteFrame"],1,1,6],["cc.Camera",["_visibility","_far","_fov","_projection","_priority","_orthoHeight","_name","node","_color"],-4,1,5],["cc.Material",["_states","_defines","_name","_props"],0,12],["cc.UITransform",["node","_contentSize","_anchorPoint"],3,1,5,5],["cc.Canvas",["node","_cameraComponent"],3,1,1],["cc.Widget",["_alignFlags","_right","_top","node"],0,1],["c20b3d3fd1PpLTnw7d7/y63",["_enabled","node"],2,1],["cc.PrefabInstance",["fileId","prefabRootNode","mountedComponents","propertyOverrides"],1,9,9],["cc.Skeleton",["_name","_hash","_joints","_bindposes"],0,12],["cc.Prefab",[],3],["cc.SkeletalAnimation",["node","__prefab","_clips","_defaultClip"],3,1,4,3,6],["cc.CompPrefabInfo",["fileId"],2],["cc.PrefabInfo",["fileId","root","asset"],2,1,1],["cc.PrefabInfo",["fileId","root","instance","asset"],2,1,4,6],["cc.SkinnedMeshRenderer",["node","__prefab","_materials","lightmapSettings","_skinningRoot","_mesh","_skeleton"],3,1,4,3,4,1,6,6],["cc.ModelLightmapSettings",[],3],["cc.Mesh",["_native","_hash","_struct"],1,11],["cc.EffectAsset",["_name","shaders","techniques"],0],["cc.SceneAsset",["_name"],2],["cc.TargetInfo",["localID"],2],["c90dfhG2jZI6I1yDfNgu650",["node"],3,1],["f6400eKFCRHjL659S1B1FTW",["node"],3,1],["cc.MountedComponentsInfo",["targetInfo","components"],3,4,9],["bbfc5vHy45Kvpi+qUX1kvNg",["node"],3,1],["CCPropertyOverrideInfo",["value","propertyPath","targetInfo"],1,4],["CCPropertyOverrideInfo",["propertyPath","targetInfo","value"],2,4,8],["CCPropertyOverrideInfo",["value","propertyPath","targetInfo"],1,1],["CCPropertyOverrideInfo",["propertyPath","targetInfo","value"],2,1,8],["CCPropertyOverrideInfo",["propertyPath","targetInfo","value"],2,4,6],["CCPropertyOverrideInfo",["propertyPath","targetInfo","value"],2,4,1],["CCPropertyOverrideInfo",["propertyPath","targetInfo","value"],2,1,6],["CCPropertyOverrideInfo",["propertyPath","targetInfo","value"],2,1,1],["CCPropertyOverrideInfo",["propertyPath","targetInfo","value"],2,1,4],["CCPropertyOverrideInfo",["propertyPath","targetInfo","value"],2,4,4],["cc.SkeletalAnimation.Socket",[],3],["cc.ProgressBar",["_totalLength","_progress","node","_barSprite"],1,1,1],["cc.Scene",["_name","_children","_globals"],2,2,4],["cc.SceneGlobals",["ambient","shadows","_skybox","fog"],3,4,4,4,4],["cc.AmbientInfo",[],3],["cc.ShadowsInfo",["_shadowColor"],3,5],["cc.SkyboxInfo",[],3],["cc.FogInfo",[],3],["94ac9YiJv9OCbEn8nLmfXHi",[],3],["cc.Label",["_string","_actualFontSize","_fontSize","node"],0,1],["cc.DirectionalLight",["node","_staticSettings"],3,1,4],["cc.StaticLightSettings",[],3],["cc.SphereLight",["_range","node","_staticSettings"],2,1,4]],[[23,0,2],[16,0,1,2,2],[28,0,1,2,3],[0,0,6,9,7,8,11,12,2],[0,0,6,7,8,2],[2,0,2,3,4,5,6,7,2],[0,0,6,7,8,11,12,2],[32,0,1,2,2],[30,0,1,2,3],[0,0,6,9,7,8,11,13,12,2],[29,0,1,2,2],[0,0,9,7,8,11,12,2],[0,0,6,9,7,2],[31,0,1,2,2],[15,0,2],[34,0,1,2,2],[26,0,1,1],[12,0,1,2,3,4],[18,0,1,2,3,4,5,6,1],[19,1],[20,0,1,2,3],[6,2,0,1,3,4],[0,0,6,10,7,2],[0,0,6,7,2],[46,1],[13,1],[0,0,9,10,7,2],[0,3,4,6,7,3],[14,0,1,2,3,1],[17,0,1,2,3,2],[27,0,1],[33,0,1,2,2],[38,1],[0,0,6,7,8,11,13,12,2],[0,0,6,9,7,8,2],[1,0,2,3,4,5,6,2],[11,0,1,2,3,3],[36,0,1,2,2],[0,0,9,7,8,11,13,12,2],[2,0,2,3,4,6,7,2],[7,0,1,1],[35,0,1,2,2],[1,0,2,3,4,5,8,6,2],[2,0,3,4,5,6,7,2],[6,0,1,3,3],[0,0,9,7,11,12,2],[0,0,6,7,11,13,12,2],[0,0,1,6,10,3],[0,0,2,6,10,8,3],[2,0,2,3,4,2],[2,0,2,3,4,5,2],[10,1,1],[11,0,2,3,2],[37,0,1,2,2],[49,1],[0,0,9,7,2],[0,0,6,9,7,8,13,2],[0,0,6,10,7,8,2],[0,0,6,9,7,11,12,2],[0,0,6,10,7,8,13,2],[0,0,6,10,7,8,11,13,12,2],[0,0,1,9,10,8,11,13,12,3],[0,0,1,9,10,8,3],[0,0,1,2,9,10,8,4],[0,0,1,6,9,10,8,3],[0,0,1,2,6,9,10,8,4],[0,0,6,10,2],[0,0,5,1,6,10,8,4],[1,0,7,2,3,4,5,6,2],[1,0,7,2,3,2],[1,0,7,2,3,4,5,8,6,2],[1,0,1,7,9,4,3],[2,0,1,2,8,5,3],[21,0,1,2,4],[22,0,2],[24,0,1],[7,0,1,2,1],[8,0,1],[8,0,1,1],[9,0,1,2,3,4],[9,0,3,2],[10,0,1,2],[25,0,1],[4,1,0,2,3,3],[4,0,2,3,2],[4,1,0,2,3],[39,0,1,2,3,3],[40,0,1,2,2],[41,0,1,2,3,1],[42,1],[43,0,1],[44,1],[45,1],[47,0,1,2,3,4],[48,0,1,1],[5,2,1,0,7,4],[5,3,4,5,1,0,7,8,6],[5,6,0,7,8,3],[50,0,1,2,2]],[[[[17,"Skin-0",3122435018,["DeformationSystem/Root_M","DeformationSystem/Root_M/Hip_R","DeformationSystem/Root_M/Hip_R/Knee_R","DeformationSystem/Root_M/Hip_R/Knee_R/Ankle_R","DeformationSystem/Root_M/Hip_R/Knee_R/Ankle_R/Toes1_R","DeformationSystem/Root_M/Hip_R/Knee_R/Ankle_R/Toes1_R/Toes2_R","DeformationSystem/Root_M/Hip_R/Knee_R/Ankle_R/Toes1_R/Toes2_R/Toes3_R","DeformationSystem/Root_M/Hip_R/Knee_R/Ankle_R/Toes1_R/Toes2_R/Toes3_R/Toes4_R","DeformationSystem/Root_M/Tail0_M","DeformationSystem/Root_M/Tail0_M/Tail1_M","DeformationSystem/Root_M/Tail0_M/Tail1_M/Tail2_M","DeformationSystem/Root_M/Tail0_M/Tail1_M/Tail2_M/Tail3_M","DeformationSystem/Root_M/Tail0_M/Tail1_M/Tail2_M/Tail3_M/Tail4_M","DeformationSystem/Root_M/Tail0_M/Tail1_M/Tail2_M/Tail3_M/Tail4_M/Tail5_M","DeformationSystem/Root_M/Tail0_M/Tail1_M/Tail2_M/Tail3_M/Tail4_M/Tail5_M/Tail6_M","DeformationSystem/Root_M/RootPart1_M","DeformationSystem/Root_M/RootPart1_M/RootPart2_M","DeformationSystem/Root_M/RootPart1_M/RootPart2_M/Spine1_M","DeformationSystem/Root_M/RootPart1_M/RootPart2_M/Spine1_M/Spine1Part1_M","DeformationSystem/Root_M/RootPart1_M/RootPart2_M/Spine1_M/Spine1Part1_M/Spine1Part2_M","DeformationSystem/Root_M/RootPart1_M/RootPart2_M/Spine1_M/Spine1Part1_M/Spine1Part2_M/Chest_M","DeformationSystem/Root_M/RootPart1_M/RootPart2_M/Spine1_M/Spine1Part1_M/Spine1Part2_M/Chest_M/Neck_M","DeformationSystem/Root_M/RootPart1_M/RootPart2_M/Spine1_M/Spine1Part1_M/Spine1Part2_M/Chest_M/Neck_M/Neck2_M","DeformationSystem/Root_M/RootPart1_M/RootPart2_M/Spine1_M/Spine1Part1_M/Spine1Part2_M/Chest_M/Neck_M/Neck2_M/Neck4_M","DeformationSystem/Root_M/RootPart1_M/RootPart2_M/Spine1_M/Spine1Part1_M/Spine1Part2_M/Chest_M/Neck_M/Neck2_M/Neck4_M/Head_M","DeformationSystem/Root_M/RootPart1_M/RootPart2_M/Spine1_M/Spine1Part1_M/Spine1Part2_M/Chest_M/Neck_M/Neck2_M/Neck4_M/Head_M/HeadEnd_M","DeformationSystem/Root_M/RootPart1_M/RootPart2_M/Spine1_M/Spine1Part1_M/Spine1Part2_M/Chest_M/Neck_M/Neck2_M/Neck4_M/Head_M/joint1_R","DeformationSystem/Root_M/RootPart1_M/RootPart2_M/Spine1_M/Spine1Part1_M/Spine1Part2_M/Chest_M/Neck_M/Neck2_M/Neck4_M/Head_M/joint1_R/joint2_R","DeformationSystem/Root_M/RootPart1_M/RootPart2_M/Spine1_M/Spine1Part1_M/Spine1Part2_M/Chest_M/Neck_M/Neck2_M/Neck4_M/Head_M/joint1_R/joint2_R/joint3_R","DeformationSystem/Root_M/RootPart1_M/RootPart2_M/Spine1_M/Spine1Part1_M/Spine1Part2_M/Chest_M/Neck_M/Neck2_M/Neck4_M/Head_M/joint1_R/joint2_R/joint3_R/joint4_R","DeformationSystem/Root_M/RootPart1_M/RootPart2_M/Spine1_M/Spine1Part1_M/Spine1Part2_M/Chest_M/Neck_M/Neck2_M/Neck4_M/Head_M/joint1_L","DeformationSystem/Root_M/RootPart1_M/RootPart2_M/Spine1_M/Spine1Part1_M/Spine1Part2_M/Chest_M/Neck_M/Neck2_M/Neck4_M/Head_M/joint1_L/joint2_L","DeformationSystem/Root_M/RootPart1_M/RootPart2_M/Spine1_M/Spine1Part1_M/Spine1Part2_M/Chest_M/Neck_M/Neck2_M/Neck4_M/Head_M/joint1_L/joint2_L/joint3_L","DeformationSystem/Root_M/RootPart1_M/RootPart2_M/Spine1_M/Spine1Part1_M/Spine1Part2_M/Chest_M/Neck_M/Neck2_M/Neck4_M/Head_M/joint1_L/joint2_L/joint3_L/joint4_L","DeformationSystem/Root_M/RootPart1_M/RootPart2_M/Spine1_M/Spine1Part1_M/Spine1Part2_M/Chest_M/Scapula_R","DeformationSystem/Root_M/RootPart1_M/RootPart2_M/Spine1_M/Spine1Part1_M/Spine1Part2_M/Chest_M/Scapula_R/Shoulder_R","DeformationSystem/Root_M/RootPart1_M/RootPart2_M/Spine1_M/Spine1Part1_M/Spine1Part2_M/Chest_M/Scapula_R/Shoulder_R/Elbow_R","DeformationSystem/Root_M/RootPart1_M/RootPart2_M/Spine1_M/Spine1Part1_M/Spine1Part2_M/Chest_M/Scapula_R/Shoulder_R/Elbow_R/Wrist_R","DeformationSystem/Root_M/RootPart1_M/RootPart2_M/Spine1_M/Spine1Part1_M/Spine1Part2_M/Chest_M/Scapula_R/Shoulder_R/Elbow_R/Wrist_R/Fingers1_R","DeformationSystem/Root_M/RootPart1_M/RootPart2_M/Spine1_M/Spine1Part1_M/Spine1Part2_M/Chest_M/Scapula_R/Shoulder_R/Elbow_R/Wrist_R/Fingers1_R/Fingers2_R","DeformationSystem/Root_M/RootPart1_M/RootPart2_M/Spine1_M/Spine1Part1_M/Spine1Part2_M/Chest_M/Scapula_R/Shoulder_R/Elbow_R/Wrist_R/Fingers1_R/Fingers2_R/Fingers3_R","DeformationSystem/Root_M/RootPart1_M/RootPart2_M/Spine1_M/Spine1Part1_M/Spine1Part2_M/Chest_M/Scapula_R/Shoulder_R/Elbow_R/Wrist_R/Fingers1_R/Fingers2_R/Fingers3_R/Fingers4_R","DeformationSystem/Root_M/RootPart1_M/RootPart2_M/Spine1_M/Spine1Part1_M/Spine1Part2_M/Chest_M/Scapula_L","DeformationSystem/Root_M/RootPart1_M/RootPart2_M/Spine1_M/Spine1Part1_M/Spine1Part2_M/Chest_M/Scapula_L/Shoulder_L","DeformationSystem/Root_M/RootPart1_M/RootPart2_M/Spine1_M/Spine1Part1_M/Spine1Part2_M/Chest_M/Scapula_L/Shoulder_L/Elbow_L","DeformationSystem/Root_M/RootPart1_M/RootPart2_M/Spine1_M/Spine1Part1_M/Spine1Part2_M/Chest_M/Scapula_L/Shoulder_L/Elbow_L/Wrist_L","DeformationSystem/Root_M/RootPart1_M/RootPart2_M/Spine1_M/Spine1Part1_M/Spine1Part2_M/Chest_M/Scapula_L/Shoulder_L/Elbow_L/Wrist_L/Fingers1_L","DeformationSystem/Root_M/RootPart1_M/RootPart2_M/Spine1_M/Spine1Part1_M/Spine1Part2_M/Chest_M/Scapula_L/Shoulder_L/Elbow_L/Wrist_L/Fingers1_L/Fingers2_L","DeformationSystem/Root_M/RootPart1_M/RootPart2_M/Spine1_M/Spine1Part1_M/Spine1Part2_M/Chest_M/Scapula_L/Shoulder_L/Elbow_L/Wrist_L/Fingers1_L/Fingers2_L/Fingers3_L","DeformationSystem/Root_M/RootPart1_M/RootPart2_M/Spine1_M/Spine1Part1_M/Spine1Part2_M/Chest_M/Scapula_L/Shoulder_L/Elbow_L/Wrist_L/Fingers1_L/Fingers2_L/Fingers3_L/Fingers4_L","DeformationSystem/Root_M/Hip_L","DeformationSystem/Root_M/Hip_L/Knee_L","DeformationSystem/Root_M/Hip_L/Knee_L/Ankle_L","DeformationSystem/Root_M/Hip_L/Knee_L/Ankle_L/Toes1_L","DeformationSystem/Root_M/Hip_L/Knee_L/Ankle_L/Toes1_L/Toes2_L","DeformationSystem/Root_M/Hip_L/Knee_L/Ankle_L/Toes1_L/Toes2_L/Toes3_L","DeformationSystem/Root_M/Hip_L/Knee_L/Ankle_L/Toes1_L/Toes2_L/Toes3_L/Toes4_L"],[[[7,-7.302272732345218e-15,2.007265644118298e-15,1,0,-0.2679708003997803,-0.9634270071983337,-2.2941725248982664e-17,0,0.9634270071983337,-0.2679708003997803,7.573095423603782e-15,0,0.2512122690677643,0.4493066966533661,9.325424055872797e-16,1],[7,-0.048782262951135635,-0.014818761497735977,-0.9986994862556458,0,-0.9856510162353516,0.1624821275472641,0.0457339808344841,0,0.16159309446811676,0.9866002202033997,-0.022532373666763306,0,0.44942307472229004,0.09897686541080475,-0.08564342558383942,1],[7,-0.028530845418572426,-0.042252760380506516,-0.9986994862556458,0,-0.8676116466522217,-0.49513474106788635,0.0457339808344841,0,-0.49642321467399597,0.8677881360054016,-0.022532373666763306,0,0.24614349007606506,0.32734039425849915,-0.08564342558383942,1],[7,-0.048288144171237946,-0.01635725423693657,-0.9986994862556458,0,-0.9903051257133484,0.13116469979286194,0.0457339808344841,0,0.13024604320526123,0.9912256598472595,-0.022532373666763306,0,0.20169703662395477,0.2578558921813965,-0.08564342558383942,1],[7,-0.05032406747341156,-0.008172704838216305,-0.9986994862556458,0,-0.9551312327384949,0.29263070225715637,0.0457339808344841,0,0.2918763756752014,0.9561905860900879,-0.022532373666763306,0,0.1620975285768509,0.23433908820152283,-0.08564342558383942,1],[7,-0.05094495043158531,0.0019784788601100445,-0.9986994862556458,0,-0.8780450224876404,0.4763878285884857,0.04573396220803261,0,0.47585877776145935,0.8792330026626587,-0.02253236249089241,0,0.17202122509479523,0.20425939559936523,-0.08564342558383942,1],[7,-0.23893672227859497,0.06547703593969345,-0.9688250422477722,0,-0.36165308952331543,0.91994309425354,0.1513661891222,0,0.9011749625205994,0.3865455389022827,-0.1961282193660736,0,0.20842191576957703,0.07973463088274002,-0.12784166634082794,1],[7,-0.23893672227859497,0.06547703593969345,-0.9688250422477722,0,-0.36165308952331543,0.91994309425354,0.1513661891222,0,0.9011749625205994,0.3865455389022827,-0.1961282193660736,0,0.16029106080532074,0.07973463088274002,-0.12784166634082794,1],[7,7.116380340641947e-15,-7.802637117144962e-14,-1,0,-0.35899248719215393,-0.9333404302597046,7.027044283914805e-14,0,-0.9333404302597046,0.35899248719215393,-3.4652886978089534e-14,0,-0.03116757422685623,0.580176055431366,-4.278898063777778e-14,1],[7,-8.146965327566254e-15,-7.767888437516801e-14,-1,0,-0.5338825583457947,-0.8455586433410645,7.003157954802233e-14,0,-0.8455586433410645,0.5338825583457947,-3.4582664558630363e-14,0,0.0246270801872015,0.5866113901138306,-4.2144046363606566e-14,1],[7,4.299115723789201e-15,-7.780700996690149e-14,-1,0,-0.39292123913764954,-0.919572114944458,6.98599435678543e-14,0,-0.919572114944458,0.39292123913764954,-3.452537125007808e-14,0,-0.12060139328241348,0.5747557282447815,-4.493847581923428e-14,1],[7,2.7752295904057145e-14,-7.226049592674519e-14,-1,0,-0.0955343171954155,-0.9954261183738708,6.927868923065766e-14,0,-0.9954261183738708,0.0955343171954155,-3.452871872428563e-14,0,-0.3479907810688019,0.49241015315055847,-5.153315247403631e-14,1],[7,4.638951102051668e-14,-6.329192134583647e-14,-1,0,0.1758175939321518,-0.9844227433204651,7.046210267818917e-14,0,-0.9844227433204651,-0.1758175939321518,-3.453905591437392e-14,0,-0.5313895344734192,0.3628140091896057,-5.85838547269811e-14,1],[7,6.336072074994425e-14,-4.5903334437583446e-14,-1,0,0.46757766604423523,-0.8839519619941711,7.0202402376561e-14,0,-0.8839519619941711,-0.46757766604423523,-3.4544459984577405e-14,0,-0.6729992628097534,0.1655099093914032,-6.120260954934828e-14,1],[7,6.336072074994425e-14,-4.5903334437583446e-14,-1,0,0.46757766604423523,-0.8839519619941711,7.0202402376561e-14,0,-0.8839519619941711,-0.46757766604423523,-3.4544459984577405e-14,0,-0.7094109058380127,0.1655099093914032,-5.913860032106047e-14,1],[7,-7.302272732345218e-15,2.007265644118298e-15,1,0,-0.2679708003997803,-0.9634270071983337,-2.2941725248982664e-17,0,0.9634270071983337,-0.2679708003997803,7.573095423603782e-15,0,0.18799133598804474,0.4493066966533661,8.997659362976825e-16,1],[7,-7.302272732345218e-15,2.007265644118298e-15,1,0,-0.2679708003997803,-0.9634270071983337,-2.2941725248982664e-17,0,0.9634270071983337,-0.2679708003997803,7.573095423603782e-15,0,0.12477041035890579,0.4493066966533661,1.800507654550602e-15,1],[7,-7.347927808202225e-15,-1.7979627440605763e-15,1,0,0.26964622735977173,-0.9629594683647156,2.499758075283175e-16,0,0.9629594683647156,0.26964622735977173,7.560570347412733e-15,0,-0.180009663105011,0.41624677181243896,3.444153065840943e-15,1],[7,-7.347927808202225e-15,-1.7979627440605763e-15,1,0,0.26964622735977173,-0.9629594683647156,2.499758075283175e-16,0,0.9629594683647156,0.26964622735977173,7.560570347412733e-15,0,-0.24200810492038727,0.41624677181243896,5.797432304187333e-15,1],[7,-7.347927808202225e-15,-1.7979627440605763e-15,1,0,0.26964622735977173,-0.9629594683647156,2.499758075283175e-16,0,0.9629594683647156,0.26964622735977173,7.560570347412733e-15,0,-0.30400654673576355,0.41624677181243896,9.06617818742083e-15,1],[7,-7.622163195205277e-15,-2.6622669048676287e-15,1,0,-0.026719486340880394,-0.9996429681777954,-2.8649767122221597e-15,0,0.9996429681777954,-0.026719486340880394,7.548307851435333e-15,0,-0.2267759144306183,0.5057605504989624,1.7067730827833097e-14,1],[7,-6.765889118496432e-15,2.580557989517729e-8,1,0,0.49366113543510437,-0.8696543574333191,2.244193808564887e-8,0,0.8696543574333191,0.49366113543510437,-1.2739205246248275e-8,0,-0.5512735843658447,0.293799489736557,-7.581643757248457e-9,1],[7,-1.959576723109535e-9,-3.321004271583661e-8,1,0,0.5582737922668457,-0.8296567797660828,-2.645895946784549e-8,0,0.8296567797660828,0.5582737922668457,2.016607325572295e-8,0,-0.6395671367645264,0.24594348669052124,6.914546712977199e-9,1],[7,-5.5698019529870635e-9,3.32878364872613e-8,1,0,0.46446070075035095,-0.8855937123298645,3.2066452604340157e-8,0,0.8855937123298645,0.46446070075035095,-1.0528309779544998e-8,0,-0.6705214381217957,0.32098573446273804,-1.4419552663014201e-8,1],[7,-1.7678683834226362e-14,-1.3506147867041896e-14,1,0,0.8494890928268433,-0.5276061296463013,7.891922860115037e-15,0,0.5276061296463013,0.8494890928268433,2.0800708364402364e-14,0,-0.7953541278839111,-0.09568075835704803,3.359053825564319e-14,1],[7,-1.7678683834226362e-14,-1.3506147867041896e-14,1,0,0.8494890928268433,-0.5276061296463013,7.891922860115037e-15,0,0.5276061296463013,0.8494890928268433,2.0800708364402364e-14,0,-0.8804123401641846,-0.09568075835704803,4.045444602679589e-14,1],[7,0.49489158391952515,2.4744090579135493e-14,-0.8689547181129456,0,0.867728054523468,0.05311639979481697,0.4941929578781128,0,0.04615574702620506,-0.9985883235931396,0.026286859065294266,0,-0.5799012780189514,0.43540698289871216,-0.4002373516559601,1],[7,-0.05843646824359894,0.135908305644989,-0.9889965057373047,0,0.9420414566993713,0.3353598117828369,-0.009576770476996899,0,0.3303681015968323,-0.9322353601455688,-0.14762850105762482,0,-0.8250267505645752,0.21045871078968048,0.032963819801807404,1],[7,-0.09608921408653259,0.12324795126914978,-0.9877129197120667,0,0.9073778986930847,0.41876956820487976,-0.03601931035518646,0,0.4091848134994507,-0.8996899724006653,-0.15207169950008392,0,-0.8669328689575195,0.13303811848163605,0.05454690009355545,1],[7,-0.09608921408653259,0.12324795126914978,-0.9877129197120667,0,0.9073778986930847,0.41876956820487976,-0.03601931035518646,0,0.4091848134994507,-0.8996899724006653,-0.15207169950008392,0,-0.9017336368560791,0.13303811848163605,0.05454690009355545,1],[7,0.49489158391952515,-2.0389419658401776e-14,-0.8689547181129456,0,-0.867728054523468,-0.05311639979481697,-0.4941929578781128,0,-0.04615574702620506,0.9985883235931396,-0.026286859065294266,0,0.5799012780189514,-0.43540698289871216,0.4002373516559601,1],[7,-0.05843646824359894,0.135908305644989,-0.9889965057373047,0,-0.9420414566993713,-0.3353598117828369,0.009576770476996899,0,-0.3303681015968323,0.9322353601455688,0.14762850105762482,0,0.8250267505645752,-0.21045871078968048,-0.032963819801807404,1],[7,-0.09608921408653259,0.12324795126914978,-0.9877129197120667,0,-0.9073778986930847,-0.41876956820487976,0.03601931035518646,0,-0.4091848134994507,0.8996899724006653,0.15207169950008392,0,0.8669328689575195,-0.13303811848163605,-0.05454690009355545,1],[7,-0.09608921408653259,0.12324795126914978,-0.9877129197120667,0,-0.9073778986930847,-0.41876956820487976,0.03601931035518646,0,-0.4091848134994507,0.8996899724006653,0.15207169950008392,0,0.9017336368560791,-0.13303811848163605,-0.05454690009355545,1],[7,-3.47608091399651e-15,0.0263581033796072,-0.9996525645256042,0,-0.8821079730987549,0.4708835482597351,0.012415911071002483,0,0.47104722261428833,0.8818015456199646,0.023250693455338478,0,0.3305984437465668,-0.457247257232666,-0.08131790161132812,1],[7,-0.02850281447172165,0.060931894928216934,-0.9977349042892456,0,-0.8744670152664185,-0.4850628077983856,-0.004641539882868528,0,-0.4842469096183777,0.8723539113998413,0.06710858643054962,0,0.48998281359672546,-0.07960640639066696,-0.08825384825468063,1],[7,0.005164518021047115,0.0670703649520874,-0.9977349042892456,0,-0.9999576210975647,0.007950945757329464,-0.004641539882868528,0,0.007621625903993845,0.9977165460586548,0.06710858643054962,0,0.31809476017951965,-0.2712072432041168,-0.08825384825468063,1],[7,-0.07048977166414261,-0.15667220950126648,-0.9851319789886475,0,-0.8743768334388733,0.4850286543369293,-0.014572547748684883,0,0.4801003336906433,0.8603493571281433,-0.1711800992488861,0,-0.045954763889312744,-0.2989426851272583,-0.02062605321407318,1],[7,-0.10288538783788681,0.047688402235507965,-0.9935494065284729,0,-0.7479174733161926,0.6548014283180237,0.10887854546308517,0,0.6557698249816895,0.7542949914932251,-0.03170250728726387,0,-0.1646721363067627,-0.2610599398612976,-0.07031188160181046,1],[7,-0.14898119866847992,-0.0855545923113823,-0.9851319789886475,0,-0.4237334430217743,0.9056696891784668,-0.014572547748684883,0,0.893450915813446,0.4152623116970062,-0.1711800992488861,0,-0.2931796610355377,-0.16707973182201385,-0.02062605321407318,1],[7,-0.15780077874660492,-0.06792572140693665,-0.9851319789886475,0,-0.31720030307769775,0.9482465982437134,-0.014572547748684883,0,0.935137927532196,0.3101845979690552,-0.1711800992488861,0,-0.3362157642841339,-0.1294182986021042,-0.02062605321407318,1],[7,-0.15780077874660492,-0.06792572140693665,-0.9851319789886475,0,-0.31720030307769775,0.9482465982437134,-0.014572547748684883,0,0.935137927532196,0.3101845979690552,-0.1711800992488861,0,-0.37501317262649536,-0.1294182986021042,-0.02062605321407318,1],[7,3.5852643079305364e-15,0.0263581033796072,-0.9996525645256042,0,0.8821079730987549,-0.4708835482597351,-0.012415911071002483,0,-0.47104722261428833,-0.8818015456199646,-0.023250693455338478,0,-0.3305984437465668,0.457247257232666,0.08131790161132812,1],[7,-0.02850281447172165,0.060931894928216934,-0.9977349042892456,0,0.8744670152664185,0.4850628077983856,0.004641539882868528,0,0.4842469096183777,-0.8723539113998413,-0.06710858643054962,0,-0.48998281359672546,0.07960640639066696,0.08825384825468063,1],[7,0.005164518021047115,0.0670703649520874,-0.9977349042892456,0,0.9999576210975647,-0.007950945757329464,0.004641539882868528,0,-0.007621625903993845,-0.9977165460586548,-0.06710858643054962,0,-0.31809476017951965,0.2712072432041168,0.08825384825468063,1],[7,-0.07048977166414261,-0.15667220950126648,-0.9851319789886475,0,0.8743768334388733,-0.4850286543369293,0.014572547748684883,0,-0.4801003336906433,-0.8603493571281433,0.1711800992488861,0,0.045954763889312744,0.2989426851272583,0.02062605321407318,1],[7,-0.10288538783788681,0.047688402235507965,-0.9935494065284729,0,0.7479174733161926,-0.6548014283180237,-0.10887854546308517,0,-0.6557698249816895,-0.7542949914932251,0.03170250728726387,0,0.1646721363067627,0.2610599398612976,0.07031188160181046,1],[7,-0.14898119866847992,-0.0855545923113823,-0.9851319789886475,0,0.4237334430217743,-0.9056696891784668,0.014572547748684883,0,-0.893450915813446,-0.4152623116970062,0.1711800992488861,0,0.2931796610355377,0.16707973182201385,0.02062605321407318,1],[7,-0.15780077874660492,-0.06792572140693665,-0.9851319789886475,0,0.31720030307769775,-0.9482465982437134,0.014572547748684883,0,-0.935137927532196,-0.3101845979690552,0.1711800992488861,0,0.3362157642841339,0.1294182986021042,0.02062605321407318,1],[7,-0.15780077874660492,-0.06792572140693665,-0.9851319789886475,0,0.31720030307769775,-0.9482465982437134,0.014572547748684883,0,-0.935137927532196,-0.3101845979690552,0.1711800992488861,0,0.37501317262649536,0.1294182986021042,0.02062605321407318,1],[7,-0.048782262951135635,-0.014818761497735977,-0.9986994862556458,0,0.9856510162353516,-0.1624821275472641,-0.0457339808344841,0,-0.16159309446811676,-0.9866002202033997,0.022532373666763306,0,-0.44942307472229004,-0.09897686541080475,0.08564342558383942,1],[7,-0.028530845418572426,-0.042252760380506516,-0.9986994862556458,0,0.8676116466522217,0.49513474106788635,-0.0457339808344841,0,0.49642321467399597,-0.8677881360054016,0.022532373666763306,0,-0.24614349007606506,-0.32734039425849915,0.08564342558383942,1],[7,-0.048288144171237946,-0.01635725423693657,-0.9986994862556458,0,0.9903051257133484,-0.13116469979286194,-0.0457339808344841,0,-0.13024604320526123,-0.9912256598472595,0.022532373666763306,0,-0.20169703662395477,-0.2578558921813965,0.08564342558383942,1],[7,-0.05032406747341156,-0.008172704838216305,-0.9986994862556458,0,0.9551312327384949,-0.29263070225715637,-0.0457339808344841,0,-0.2918763756752014,-0.9561905860900879,0.022532373666763306,0,-0.1620975285768509,-0.23433908820152283,0.08564342558383942,1],[7,-0.05094495043158531,0.0019784788601100445,-0.9986994862556458,0,0.8780450224876404,-0.4763878285884857,-0.04573396220803261,0,-0.47585877776145935,-0.8792330026626587,0.02253236249089241,0,-0.17202122509479523,-0.20425939559936523,0.08564342558383942,1],[7,-0.23893672227859497,0.06547703593969345,-0.9688250422477722,0,0.36165308952331543,-0.91994309425354,-0.1513661891222,0,-0.9011749625205994,-0.3865455389022827,0.1961282193660736,0,-0.20842191576957703,-0.07973463088274002,0.12784166634082794,1],[7,-0.23893672227859497,0.06547703593969345,-0.9688250422477722,0,0.36165308952331543,-0.91994309425354,-0.1513661891222,0,-0.9011749625205994,-0.3865455389022827,0.1961282193660736,0,-0.16029106080532074,-0.07973463088274002,0.12784166634082794,1]],8,8,8,8,8,8,8,8,8,8,8,8,8,8,8,8,8,8,8,8,8,8,8,8,8,8,8,8,8,8,8,8,8,8,8,8,8,8,8,8,8,8,8,8,8,8,8,8,8,8,8,8,8,8,8,8,8]]],0,0,[],[],[]],[[[25],[26,"9",[-3,-4],[[28,-2,[14,"e0dtwwoHpWIbhOmu1xanWW"],[6],7]],[1,"00lhHH0bRVzL+F0p9HWscA",-1,0]],[11,"Root_M",[-5,-6,-7,-8],[1,"e7fQGfYVlQAr9SHVzwYZ5Q",1,0],[1,9.66364737e-32,0.485208064,-0.123386398],[3,0.6993614264124051,-0.10437238737523517,0.6993614264124051,-0.10437238737523517],[1,180,-90,-16.976298558009617]],[38,"Chest_M",[-9,-10,-11],[1,"e9Hk3PP+hbqo9/m4XRJTNX",1,0],[1,0.0630061179,-0.000476305577,1.09578614e-11],[3,-1.0799070258310528e-8,-1.7263194453072287e-9,0.1578539183140823,0.9874624754758485],[1,1.0027349,1.0027349,1.0027349],[1,-0.000001253194248298483,-1.429153301451545e-14,18.164703712030125]],[42,"Head_M",[[[4,"HeadEnd_M",-12,[1,"188Aa53f1ZPK+xPIcUS1VM",1,0],[1,0.0850582048,-9.59232731e-16,-6.86864607e-15]],-13,-14],4,1,1],[1,"b6slt5JoldYpQ2Rmt9dmuR",1,0],[1,0.0638341308,-0.00000897088921,5.62727018e-11],[3,-2.2296918629514374e-24,1.3646084595659964e-24,-0.22550159527578056,0.9742427985507917],[1,1.00062871,1.00062871,1.00062871],[1,-2.3785037307527994e-22,1.0545315031260066e-22,-26.0647510269529]],[12,"DeformationSystem",1,[2],[1,"02GZLNMcxeT5zdAJwQH3/m",1,0]],[3,"Hip_R",2,[-15],[1,"64D95xROdUppehJweftcmR",1,0],[1,-0.034884844,0.0784561858,-0.0621414594],[3,0.9968701744816428,-0.07440672918091476,0.005614759951566237,0.026114523779368563],[1,176.9337486440308,-0.8737153078481251,-8.514195572036243]],[3,"Knee_R",6,[-16],[1,"1cTW8eO3FTF4BJZGSSVLfs",1,0],[1,0.0520039685,-2.13162816e-16,-1.06581408e-16],[3,0,0,-0.8073892461641643,0.5900191566199037],[1,180,180,-72.31673524909705]],[3,"Ankle_R",7,[-17],[1,"6b8Ky0MBlRjZUafWyrsmZy",1,0],[1,0.241714776,-8.52651264e-16,-3.34843263e-15],[3,2.6149230681110527e-18,-1.7153105853206058e-18,0.39147433721428776,0.9201890258542721],[1,5.085556416507393e-16,-4.2996230754923036e-16,46.092536236264564]],[3,"Toes1_R",8,[-18],[1,"e0Wu6D+JZTQqkFSir8BhDi",1,0],[1,0.0804503709,-6.57252039e-16,-4.75997242e-10],[3,1.4348404583463032e-19,-1.7287792962018579e-18,0.08271292071051387,0.996573415633558],[1,3.322606816570959e-17,-2.0154234174303177e-16,9.489043349610325]],[3,"Toes2_R",9,[-19],[1,"f4keVmRH9aUpA1uuRrgCsX",1,0],[1,0.0340413116,5.3290704e-17,2.75805628e-10],[3,-1.1185208379434156e-9,1.115845467924416e-8,0.09973991730832442,0.9950135420663021],[1,-2.602457055145542e-7,0.0000013111596455823172,11.448387923095847]],[5,"Toes3_R",10,[[4,"Toes4_R",-20,[1,"22XCP6tpFRKJsS5ifYLOzZ",1,0],[1,0.0481308512,-2.84217088e-16,8.88178433e-17]]],[1,"8f89F8LplcFoZyBwf0KAl7",1,0],[1,0.0413150676,-7.1054272e-17,4.2764195e-10],[3,-0.05804096556208141,-0.0795488659591994,-0.37850463570912096,0.9203463831557834],[1,-13.29928528680566,-15.196653474065663,-43.430687095454495]],[3,"Tail0_M",2,[-21],[1,"43Vzzn6XxWO5NXZNImKTtK",1,0],[1,-0.119489476,-0.00514699239,1.90088424e-15],[3,0.4796761187354331,0.877445622882074,-3.6097660278056326e-14,-1.973362775999999e-14],[1,4.7142376560922645e-12,180,57.32850191372827]],[3,"Tail1_M",12,[-22],[1,"15VZOqJM5UN7/cbAjTsH2d",1,0],[1,0.0589164831,2.84217088e-16,8.02603753e-17],[3,-8.207264878746793e-30,5.890522325467444e-30,0.2701368992124805,0.9628219231425229],[1,-1.2737647131710537e-27,1.0584459724077073e-27,31.344826623554095]],[3,"Tail2_M",13,[-23],[1,"abxsT1KL1Yb4klrxcphVw6",1,0],[1,0.0524830371,-4.26325632e-16,3.64787402e-15],[3,-6.254359892271159e-30,-8.427811830508627e-31,0.1335440092051077,0.991042883837741],[1,-7.231744079584922e-28,1.1058389807507391e-37,15.348870843615094]],[3,"Tail3_M",14,[-24],[1,"daVxSUFzVXso9YWNNe55L5",1,0],[1,0.0616653673,2.48689959e-16,7.99435201e-15],[3,-1.0654359773666313e-29,9.253167430826844e-30,-0.2488390250560819,0.9685448567873037],[1,-1.0484902621344994e-27,8.253924241257852e-28,-28.817644619533418]],[3,"Tail4_M",15,[-25],[1,"620/vEa8xS+ZLBGJNtTo/z",1,0],[1,0.0661844313,2.84217088e-16,7.52812475e-15],[3,5.879301802618244e-30,-2.29371054662679e-30,-0.36345294363462,0.9316125577531303],[1,7.231744074337172e-28,-3.753851469133348e-37,-42.62481036721997]],[5,"Tail5_M",16,[[4,"Tail6_M",-26,[1,"5erKW3D99VHpYk4nWcsWy/",1,0],[1,0.0364116021,-3.37507795e-16,-1.96668239e-15]]],[1,"067UXoFPlfmbuiwib8/B5g",1,0],[1,0.0591081828,-3.55271373e-16,3.19195769e-15],[3,-6.774055350346352e-30,-1.1107573016965149e-29,-0.29805913645524057,0.9545474064579278],[1,-1.362419491411773e-27,-1.7588604554916633e-27,-34.68213518279941]],[9,"RootPart1_M",2,[-27],[1,"5dmT+d6oFdDZFg8L1D1oUy",1,0],[1,0.0632219762,0.00000841256042,-3.22342656e-17],[3,1.3709436544113654e-32,1.5819772950904204e-30,-0.00866568836788409,0.9999624522176375],[1,0.997272611,0.997272611,0.997272611],[1,3.1423254330217006e-30,1.8131528298814389e-28,-0.9930271687978546]],[9,"RootPart2_M",18,[-28],[1,"17vF0xLf1cpKZOoikxWEyk",1,0],[1,0.0633440092,1.25389299e-9,-9.91018913e-16],[3,0,0,0.023728531155538923,0.9997184387662362],[1,0.998632491,0.998632491,0.998632491],[1,0,0,2.7193446039790383]],[9,"Spine1_M",19,[-29],[1,"ccd9TYJ65TAKMci6PbuXFS",1,0],[1,0.0641432628,-0.0000548087191,-1.8577963e-15],[3,-1.9172496327848905e-31,4.7351028615753203e-32,-0.23976947559886663,0.9708298504738326],[1,0.998630702,0.998630702,0.998630702],[1,-2.2630188486439607e-29,-2.426021851785627e-37,-27.74587006071533]],[9,"Spine1Part1_M",20,[-30],[1,"f0SIA1y5ldRa8PllCpnag1",1,0],[1,0.0632502437,0.000132511937,-2.36068675e-15],[3,1.2849531022526254e-31,-1.573397515003077e-30,0.01906661708180906,0.9998182155337316],[1,1.00137115,1.00137115,1.00137115],[1,1.8172688435309214e-29,-1.80677410250428e-28,2.185005778400429]],[9,"Spine1Part2_M",21,[3],[1,"64SQ/U81dc/4s4RGbe+y1o",1,0],[1,0.0638310909,7.91318744e-9,-3.29588143e-15],[3,1.1508109046978877e-8,1.95972085097101e-10,0.01702657332155375,0.9998550373933842],[1,1.00136936,1.00136936,1.00136936],[1,0.0000013189233516760893,1.6042952238939432e-15,1.9511958661809439]],[9,"Neck_M",3,[-31],[1,"26iZNm+TJX76GpJefQdrbr",1,0],[1,0.0933863372,-0.0306318756,-8.01443008e-15],[3,-3.6924725486015097e-25,-1.184962669178598e-24,-0.29750153630441606,0.9547213393951725],[1,0.999685884,0.999685884,0.999685884],[1,-9.817123235320198e-23,-1.7281776921366523e-22,-34.615202469509725]],[9,"Neck2_M",23,[-32],[1,"e8am+vhCZVDb1zCSYvn5uO",1,0],[1,0.0677862987,0.00000359334354,-2.44065931e-11],[3,1.7486519652474194e-25,-4.282263441828256e-25,-0.07589277739575652,0.9971159843965786],[1,0.999685705,0.999685705,0.999685705],[1,1.644558516959322e-23,-4.7961344527544554e-23,-8.70504178281204]],[3,"Neck4_M",24,[4],[1,"5cBR31pj9dcZhCkLOmosyg",1,0],[1,0.061881043,0.00000613850261,-3.16844363e-11],[3,1.0870245944640504e-8,1.8537693505592075e-10,0.017051130413162776,0.9998546189079858],[1,0.0000012458195483936975,4.046803843176727e-16,1.9540103101714679]],[3,"joint1_R",4,[-33],[1,"56ddqkELlbX6bl0f6LmR27",1,0],[1,0.0295556448,-0.052299846,-0.0607998818],[3,0.9363154860230367,-0.24039690431664448,0.24793252538926336,0.06365612211343803],[1,164.780549178763,-33.02022648446716,-24.746852098176063]],[3,"joint2_R",26,[-34],[1,"f14+XOSghXTqX2GeHw4TJx",1,0],[1,0.0335149132,-2.13162829e-15,-7.1054272e-17],[3,-0.03260476551851464,-0.271195623481066,-0.15675047201204845,0.9491149311828355],[1,-8.802352188582349,-33.15228563667291,-16.252081259007067]],[5,"joint3_R",27,[[4,"joint4_R",-35,[1,"bbv0ZtOEFSzpo6SHdklqVN",1,0],[1,0.0348008089,-4.97379917e-16,2.15827362e-15]]],[1,"50p23gybdai7d4vNPcczJr",1,0],[1,0.0275385529,2.48689959e-16,1.80300217e-15],[3,0.00287038993667312,-0.013111454293446767,-0.045121278233311614,0.9988913458822809],[1,0.2618334395020437,-1.4922080060447755,-5.176135856857345]],[3,"joint1_L",4,[-36],[1,"8f/AoOsNdVv5PSh/iZeSGG",1,0],[1,0.0295556448,-0.052299846,0.0607998818],[3,0.24039690431664448,0.9363154860230367,0.06365612211343803,-0.24793252538926336],[1,-15.219450821236997,-146.97977351553286,24.746852098176063]],[3,"joint2_L",29,[-37],[1,"deu+7vlgBTKb99kwxloUnD",1,0],[1,-0.0335149132,-2.70006236e-15,-7.1054272e-17],[3,-0.03260476551851464,-0.271195623481066,-0.15675047201204845,0.9491149311828355],[1,-8.802352188582349,-33.15228563667291,-16.252081259007067]],[5,"joint3_L",30,[[4,"joint4_L",-38,[1,"34tLnxSlxZBJ0mark0Q2Ke",1,0],[1,-0.0348008089,2.13162829e-15,3.3928415e-15]]],[1,"d7zYLqlhNbzY+Oo/oo8uAH",1,0],[1,-0.0275385529,1.38555828e-15,2.40696355e-15],[3,0.00287038993667312,-0.013111454293446767,-0.045121278233311614,0.9988913458822809],[1,0.2618334395020437,-1.4922080060447755,-5.176135856857345]],[3,"Scapula_R",3,[-39],[1,"bbKvKbRJBXkIpuo5kA+D2n",1,0],[1,0.00570496637,-0.0465636477,-0.0685116723],[3,0.7737222231387502,0.633457475563882,0.003960897169756097,0.008358191615078267],[1,177.70278721605175,1.2940519729413271,78.61023412904454]],[3,"Shoulder_R",32,[-40],[1,"b22jOWQspZ05k3E5qsrRfw",1,0],[1,0.134329751,-9.59232731e-16,9.53015404e-15],[3,-0.030607674443333833,0.008135155808096428,-0.44189703706937633,0.8965065521982843],[1,-4.4880548378978276,-1.1718937404327838,-52.45031785039035]],[3,"Elbow_R",33,[-41],[1,"06nrzu10dQx585fOE5d6U+",1,0],[1,0.0796165392,-1.06581408e-16,-1.6786572e-15],[3,6.7780886135896506e-18,1.4851812501104389e-18,0.21403717569246028,0.9768255153411969],[1,7.951386704616267e-16,-4.329136448167825e-25,24.718093316753055]],[3,"Wrist_R",34,[-42],[1,"e09+AKjzlYnYWW9UDuoBCd",1,0],[1,0.215323731,-1.70530253e-15,5.55111512e-15],[3,0.11676690891909505,-0.024187371497525853,0.25547674719882796,0.9594332137685389],[1,15.680364258695406,-6.965010508626897,28.984774371308788]],[3,"Fingers1_R",35,[-43],[1,"3bb5b2MWJSEL8Yvfndbrvp",1,0],[1,0.056127619,-1.7763568e-17,3.9879209e-15],[3,-0.09266695177727084,-0.010201907477313322,0.10895782462167457,0.989665069397645],[1,-10.698552159737085,0.00003733533138053761,12.565423730321122]],[3,"Fingers2_R",36,[-44],[1,"64mcVGgnNV7pWw63nr9lUI",1,0],[1,0.0383040458,-8.8817842e-16,3.16191512e-15],[3,0.09129923596464362,-0.01886014453401126,0.20142260236323356,0.9750577827583612],[1,11.627385678133535,-4.580568585844342,22.914279419814985]],[5,"Fingers3_R",37,[[4,"Fingers4_R",-45,[1,"d2U2JsxtlYZoz9dvSRJwpX",1,0],[1,0.0387974232,0,3.4727777e-15]]],[1,"e4nP2+HgJfRK1phSYIU802",1,0],[1,0.0259981733,-1.59872122e-16,2.70006236e-15],[3,0.03949195122792336,0.015028889196459672,0.30174708192113764,0.952451162438164],[1,4.642125911201127,0.3361119456930873,35.1686947091099]],[3,"Scapula_L",3,[-46],[1,"d1V0+t7P9a+K7z/lLAmuz0",1,0],[1,-0.0256843381,0.0171838384,0.0689743459],[3,-0.29667404953789284,0.9548189850416253,0.01640258016146846,-0.0060141083225346646],[1,-1.930478423715498,-179.87813890253582,-34.52302133477363]],[3,"Shoulder_L",39,[-47],[1,"8eCfPdJ5lS050qd2i4Pr6w",1,0],[1,-0.134329751,-7.81597005e-16,1.15996105e-14],[3,-0.026718905179069708,0.0011446048691033722,-0.5475179545711011,0.8363664743448312],[1,-6.213158824873734,-3.9062525284390066,-66.33564655045919]],[3,"Elbow_L",40,[-48],[1,"1eO8PyVJ9X5Y6vExiDuLtG",1,0],[1,-0.0796165392,1.95399251e-16,-6.03961332e-16],[3,0,0,0.4201777192816907,0.907441835171399],[1,0,0,49.69161631458113]],[3,"Wrist_L",41,[-49],[1,"74csc4n/lUrI7q71BbscYz",1,0],[1,-0.215323731,9.94759834e-16,1.18305363e-14],[3,0.11428677748342855,-0.030634898025425815,0.20977700738075325,0.9705635696283889],[1,14.838850315472483,-6.731191547093882,23.590776736311607]],[3,"Fingers1_L",42,[-50],[1,"d9Xi4OeqpeuaeUsBJ9PYYV",1,0],[1,-0.056127619,5.68434176e-16,5.42677026e-15],[3,-0.09266701612912297,-0.010201981600457093,0.10895514020882216,0.9896653581464923],[1,-10.698552331850987,-4.61847709865515e-9,12.565116405061847]],[3,"Fingers2_L",43,[-51],[1,"67URG4n3hUfLV1Hm1dcFM+",1,0],[1,-0.0383040458,-1.06581408e-16,4.09450263e-15],[3,0.0912991741726796,-0.01886045148119908,0.20142589052728904,0.9750571033486196],[1,11.627418799642188,-4.580653073934278,22.914657926917553]],[5,"Fingers3_L",44,[[4,"Fingers4_L",-52,[1,"04TzqgdKFUH48UfbxWzbdK",1,0],[1,-0.0387974232,6.39488488e-16,5.08038037e-15]]],[1,"3495xwfkBeY6hpyhiAes6k",1,0],[1,-0.0259981733,6.03961332e-16,2.70894414e-15],[3,-0.020347561197351295,-0.021021348880706624,-0.12098007301141203,0.9922237154889562],[1,-2.683831189818278,-2.753189893460172,-13.84069333859623]],[3,"Hip_L",2,[-53],[1,"014mJr6+9ZeoSG5FPVZxzF",1,0],[1,-0.034884844,0.0784561858,0.0621414594],[3,-0.4487540533256421,0.8932688465442938,0.009419990937741466,0.02453224791914418],[1,-3.7226273083697863,174.98703413213943,-53.25000300642762]],[3,"Knee_L",46,[-54],[1,"f9fASaxNVSs5704zHBGc5b",1,0],[1,-0.0520039685,-1.7763568e-17,1.42108544e-16],[3,4.269636951853839e-18,7.603348849605887e-19,-0.45044972253549637,0.8928017962950647],[1,8.011962235916499e-16,5.018208725858006e-16,-53.54508268356317]],[3,"Ankle_L",47,[-55],[1,"982W0aEMpSELrmCkPEb3z1",1,0],[1,